wall 0 1 0 0 0 0 0 -1 -1  -5 -2
wall 0 1 0 0 0 0 0 -1 -1  -5 -1
wall 0 1 0 0 0 0 0 -1 -1  -5 0
wall 0 1 0 0 0 0 0 -1 -1  -5 1
wall 0 1 0 0 0 0 0 -1 -1  -4 1
wall 0 1 0 0 0 0 0 -1 -1  -3 1
wall 0 1 0 0 0 0 0 -1 -1  -2 1
wall 0 1 0 0 0 0 0 -1 -1  -1 1
wall 0 1 0 0 0 0 0 -1 -1  10 -1
wall 0 1 0 0 0 0 0 -1 -1  11 -1
wall 0 1 0 0 0 0 0 -1 -1  12 -1
wall 0 1 0 0 0 0 0 -1 -1  13 -1
wall 0 1 0 0 0 0 0 -1 -1  14 -1
wall 0 1 0 0 0 0 0 -1 -1  15 -1
wall 0 1 0 0 0 0 0 -1 -1  16 -1
wall 0 1 0 0 0 0 0 -1 -1  17 -1
wall 0 1 0 0 0 0 0 -1 -1  18 -5
wall 0 1 0 0 0 0 0 -1 -1  18 -4
wall 0 1 0 0 0 0 0 -1 -1  18 -3
wall 0 1 0 0 0 0 0 -1 -1  18 -2
wall 0 1 0 0 0 0 0 -1 -1  18 -1
wall 0 1 0 0 0 0 0 -1 -1  0 1
wall 0 1 0 0 0 0 0 -1 -1  1 1
wall 0 1 0 0 0 0 0 -1 -1  2 1
wall 0 1 0 0 0 0 0 -1 -1  3 1
wall 0 1 0 0 0 0 0 -1 -1  4 1
wall 0 1 0 0 0 0 0 -1 -1  5 0
wall 0 1 0 0 0 0 0 -1 -1  5 1
wall 0 1 0 0 0 0 0 -1 -1  5 -1
wall 0 1 0 0 0 0 0 -1 -1  6 -1
wall 0 1 0 0 0 0 0 -1 -1  7 -1
wall 0 1 0 0 0 0 0 -1 -1  8 -1
wall 0 1 0 0 0 0 0 -1 -1  9 -1
wall 1 1 0 0 0 0 0 -1 -1 3 1 7 -2 15 -2 10 -30
wall 1 1 0 0 0 0 0 -1 -1 2 1 3 -1 2 -4
wall 1 1 0 0 0 0 0 -1 -1 2 1 -4 0 0 0
